#  128.150  -0.679  15.653 ;Mean Elev.(m), Avg Gradient(m/km), RMS Gradient(m/km) - SRTM1     
#    0.000   0.000   0.000 ;Mean Elev.(m), Avg Gradient(m/km), RMS Gradient(m/km) - ASTER GDEM
#  120.635  -2.968  23.038 ;Mean Elev.(m), Avg Gradient(m/km), RMS Gradient(m/km) - GMTED2010 
   2 283.068741  40.633542   118.499   118.506  8 54672.51401622 49.348
   4 283.067210  40.633530   118.382   118.400  9 54692.34530168 51.950
   8 283.069373  40.633995   118.119   118.148  8 54732.00788906 52.683
   9 283.065440  40.634561   118.288   118.319  9 54741.92353592 41.477
  10 283.063459  40.634487   166.381   166.306  8 54751.83918281 26.693
  11 283.063523  40.633889   118.395   118.385  8 54761.75482960 39.245
  12 283.066047  40.633963   166.783   166.970  9 54771.67047431 21.666
  13 283.068018  40.633635   183.925   181.749  9 54781.58611574 17.873
  14 283.071471  40.636444   211.777   212.740  5 54791.50175517 11.848
  17 283.074742  40.637570   119.718   119.660  3 54821.24867070 46.151
  18 283.071849  40.635796   120.319   120.535  5 54831.16432208 44.035
  19 283.066523  40.632769   168.206   166.421  9 54841.07995964 22.774
  20 283.062780  40.634066   118.744   118.696  7 54850.99560856 50.630
  21 283.056671  40.631299   118.418   118.470  3 54860.91125625 49.311
  23 283.056473  40.630810   211.083   211.698  4 54880.74255255  8.661
  24 283.063256  40.634533   177.052   176.687  7 54890.65819808  7.600
  25 283.065275  40.634529   167.683   167.571  9 54900.57383933 17.538
  26 283.064401  40.635016   166.942   167.013  8 54910.48947823 23.454
  27 283.061322  40.633047   118.885   118.790  7 54920.40511508 35.028
  28 283.064294  40.635067   166.808   166.806  8 54930.32075269 22.308
  29 283.068528  40.633421   118.943   118.940  8 54940.23638853 48.164
  33 283.072266  40.635379   118.786   118.867  5 54979.89895854 47.447
  35 283.066895  40.632931   118.682   118.637  9 54999.73025239 49.048
  36 283.066695  40.633445   118.771   118.775  9 55009.64589801 36.683
  37 283.067223  40.634576   166.292   166.467  9 55019.56154204 22.729
  38 283.065104  40.633828   118.509   118.509  9 55029.47718405 50.360
  39 283.064297  40.634648   118.591   118.606  8 55039.39282575 50.680
  40 283.065870  40.634802   118.930   118.931  9 55049.30846617 49.699
  41 283.070729  40.635117   118.972   119.064  7 55059.22410484 48.383
  42 283.073310  40.632600   118.592   118.856  3 55069.13974402 46.416
  43 283.072598  40.632486   118.529   118.905  3 55079.05539355 48.509
  44 283.070816  40.635285   165.664   165.541  7 55088.97104165 22.383
  45 283.066130  40.635284   118.328   118.403  9 55098.88668777 52.399
  46 283.062970  40.634161   118.380   118.398  8 55108.80233338 36.853
  47 283.065006  40.634723   118.509   118.479  9 55118.71797866 51.477
  48 283.067405  40.633182   120.633   120.359  8 55128.63362113 28.167
  50 283.071958  40.636521   118.805   118.957  6 55148.46490118 46.816
  51 283.069890  40.634818   166.406   166.599  7 55158.38053864 25.751
  52 283.070341  40.634993   223.283   226.464  7 55168.29617640 10.753
  53 283.073650  40.636682   119.172   119.288  5 55178.21181392 46.914
  54 283.073598  40.636119   167.948   167.628  5 55188.12745858 21.515
  55 283.068189  40.633269   119.030   119.030  8 55198.04310827 47.141
  56 283.064435  40.633912   118.597   118.646  9 55207.95875795 46.265
  57 283.061207  40.633761   181.894   181.954  6 55217.87440709 21.543
  58 283.059515  40.632896   168.864   167.928  5 55227.79005559 17.779
  59 283.061708  40.633735   118.802   118.747  6 55237.70570184 51.392
  60 283.064989  40.634136   118.626   118.626  9 55247.62134452 49.093
  61 283.066125  40.633878   118.561   118.571  9 55257.53698424 50.491
  62 283.065667  40.634013   167.818   167.305  9 55267.45262279 20.560
  63 283.065414  40.634941   166.868   166.864  9 55277.36826087 19.800
  64 283.066661  40.634120   120.015   120.020  8 55287.28389753 43.817
  65 283.073727  40.636830   119.233   119.399  5 55297.19953309 47.006
  67 283.073804  40.633692   119.177   119.391  4 55317.03081997 44.503
  68 283.072572  40.635614   118.883   118.966  5 55326.94646563 46.181
  69 283.068136  40.633314   166.157   165.821  9 55336.86210941 23.913
  70 283.067126  40.633928   118.531   118.545  9 55346.77775359 49.903
  71 283.066776  40.633459   118.679   118.679  8 55356.69339620 45.081
  72 283.067397  40.633750   118.470   118.443  9 55366.60903693 45.282
  73 283.067609  40.633006   118.247   118.285  8 55376.52467585 48.338
  74 283.068988  40.633483   118.145   118.194  7 55386.44031402 51.669
  75 283.072336  40.635790   118.357   118.465  5 55396.35595175 47.152
  76 283.073142  40.634147   118.396   118.582  4 55406.27159281 47.762
  77 283.071964  40.633771   166.959   166.956  4 55416.18724364 26.760
  78 283.073200  40.636044   118.381   118.435  5 55426.10289193 48.502
  79 283.071741  40.635258   118.608   118.782  6 55436.01853690 45.836
  80 283.067688  40.632511   118.096   118.102  9 55445.93418016 53.125
  81 283.066843  40.634077   118.085   118.131  8 55455.84982397 40.602
  82 283.066485  40.633951   118.123   118.129  8 55465.76546683 49.367
  83 283.069248  40.633943   119.270   119.300  8 55475.68110698 44.600
  84 283.075566  40.637190   180.436   189.485  3 55485.59674489 10.954
  87 283.073083  40.635588   166.015   165.913  5 55515.34366327 25.369
  88 283.068919  40.633611   118.962   119.012  7 55525.25931194 48.001
  89 283.067164  40.633384   168.835   168.032  9 55535.17495922 17.857
  90 283.066179  40.633728   173.371   170.118  9 55545.09060475 16.267
  91 283.065311  40.634889   181.564   181.549  8 55555.00624872 22.739
  92 283.062740  40.633250   181.426   181.604  8 55564.92189122 21.284
  93 283.065790  40.635749   118.563   118.581  9 55574.83753450 45.971
  94 283.067149  40.633298   118.395   118.395  8 55584.75317513 46.672
  95 283.071220  40.633471   118.559   118.679  4 55594.66881309 45.526
  99 283.075354  40.637092   195.571   190.726  3 55634.33137102  8.088
 100 283.073346  40.636013   120.688   120.817  5 55644.24702059 42.944
 101 283.071890  40.633991   119.342   119.590  4 55654.16266721 43.735
 102 283.072327  40.634005   213.180   212.704  4 55664.07831000 15.391
 103 283.071594  40.633938   181.844   180.938  4 55673.99394987 13.987
 104 283.072019  40.635763   120.643   120.777  5 55683.90958885 42.029
 105 283.072052  40.634945   119.310   119.414  5 55693.82522609 45.614
 106 283.073583  40.633682   120.455   120.706  4 55703.74086194 41.419
 107 283.076768  40.638178   120.230   120.230  2 55713.65650856 39.329
 108 283.070812  40.634226   167.431   164.824  7 55723.57215650 24.270
 109 283.066926  40.633368   118.603   118.595  8 55733.48780311 50.356
 110 283.065460  40.633910   118.679   118.674  9 55743.40344881 50.762
 111 283.066707  40.634974   118.540   118.581  9 55753.31909340 52.438
 112 283.069898  40.634666   118.266   118.326  7 55763.23473560 51.008
 113 283.072035  40.632627   118.199   118.479  3 55773.15037462 47.198
 114 283.077986  40.637837   205.777   205.777  2 55783.06601202 15.544
 117 283.076350  40.636820   209.979   209.979  2 55812.81293061 11.387
 118 283.077872  40.638740   119.566   119.566  2 55822.72857960 45.700
 123 283.071867  40.634848   118.976   119.153  6 55872.30678583 47.012
 133 283.070125  40.634265   118.856   119.041  7 55971.46322479 48.156
 134 283.071843  40.636164   179.416   175.495  6 55981.37886112 21.956
 135 283.076220  40.636784   119.916   119.916  2 55991.29449610 43.726
 136 283.078818  40.638233   166.801   166.801  2 56001.21014228 19.990
 137 283.078139  40.638157   208.297   208.297  2 56011.12579214 20.321
 138 283.072485  40.633314   118.752   119.009  4 56021.04143695 47.498
 139 283.069899  40.634472   118.596   118.588  8 56030.95708043 46.212
 141 283.066964  40.633509   118.846   118.838  9 56050.78836103 48.231
 142 283.070727  40.634322   119.226   119.333  7 56060.70399827 47.191
 143 283.077992  40.638680   119.306   119.306  2 56070.61963707 45.369
 144 283.073427  40.636448   119.006   119.123  5 56080.53528700 47.117
 145 283.067947  40.633922   118.751   118.786  9 56090.45093393 48.120
 146 283.066182  40.634513   118.489   118.569  9 56100.36657927 52.495
 147 283.067218  40.634646   118.340   118.428  9 56110.28221060 52.714
 148 283.071615  40.634768   118.183   118.331  6 56120.19785069 49.550
 151 283.076776  40.637581   118.390   118.390  2 56149.94477172 44.850
 152 283.071972  40.636991   212.148   211.097  5 56159.86042052  9.534
 153 283.067619  40.632480   118.152   118.144  9 56169.77606723 51.360
 154 283.072083  40.635624   118.365   118.460  5 56179.69171261 48.437
 155 283.072833  40.633199   118.377   118.571  4 56189.60735239 44.955
 156 283.076970  40.637532   118.705   118.705  2 56199.52299055 44.242
 158 283.078243  40.638607   214.978   214.978  2 56219.35425730 18.858
 159 283.074940  40.637335   213.443   214.508  3 56229.26990442 16.300
 160 283.071471  40.634971   118.759   118.914  6 56239.18555708 47.211
 161 283.070612  40.635247   118.747   118.775  7 56249.10120671 48.568
 162 283.070010  40.634833   118.510   118.552  7 56259.01685150 49.697
 163 283.068046  40.633436   215.902   212.279  9 56268.93249327  8.403
 164 283.067717  40.633362   118.955   118.941  9 56278.84813381 48.281
 165 283.066470  40.634066   119.327   119.294  9 56288.76378411 40.462
 166 283.066835  40.633491   182.172   182.071  8 56298.67943302 23.417
 167 283.067615  40.632360   120.002   119.990  9 56308.59507783 44.124
 168 283.069834  40.634634   118.692   118.782  7 56318.51072071 45.276
 169 283.067036  40.632815   119.618   119.616  9 56328.42636097 46.950
 170 283.061142  40.625270   219.312   219.312  2 56338.34199881  2.034
 171 283.070220  40.634136   168.188   166.349  7 56348.25763914 23.461
 172 283.078177  40.638323   162.384   162.384  2 56358.17327568 18.613
 173 283.073261  40.633611   185.064   183.324  4 56368.08892407 15.685
 175 283.066991  40.634876   119.322   119.316  9 56387.92021739 44.028
 176 283.064737  40.634562   119.816   119.830  9 56397.83586074 40.086
 177 283.064803  40.633832   166.958   166.928  9 56407.75150187 15.932
 178 283.067283  40.632718   182.397   181.894  9 56417.66713912 22.402
 179 283.075721  40.637101   119.259   119.298  3 56427.58277315 44.863
 180 283.071760  40.636378   118.734   118.841  6 56437.49842554 45.851
 181 283.066047  40.633654   118.800   118.816  9 56447.41407573 49.803
 182 283.065672  40.635868   119.027   119.032  9 56457.32972502 49.224
 183 283.064785  40.634324   118.684   118.718  9 56467.24537030 50.062
 184 283.066991  40.634041   120.142   120.164  9 56477.16101212 42.889
 185 283.071943  40.635846   119.168   119.343  6 56487.07665097 47.713
 187 283.078196  40.638471   118.573   118.573  2 56506.90792214 39.035
 189 283.072628  40.632634   118.298   118.643  3 56526.73921123 44.564
 190 283.072401  40.633954   118.553   118.752  4 56536.65486200 47.764
 192 283.067832  40.632774   118.473   118.475  9 56556.48615177 39.571
 193 283.067112  40.634331   118.315   118.265  9 56566.40179453 52.022
 194 283.066835  40.634497   118.524   118.532  9 56576.31743566 40.298
 195 283.068984  40.633923   118.342   118.380  7 56586.23307354 50.212
 196 283.071995  40.633612   165.577   165.652  4 56596.14871222 23.386
 197 283.069741  40.634160   118.407   118.475  7 56606.06436431 48.333
 198 283.067237  40.633486   166.130   166.096  9 56615.98001145 24.564
 199 283.067523  40.634511   186.181   186.198  9 56625.89565575 13.636
 200 283.067556  40.633125   211.771   211.760  9 56635.81129690 11.774
 201 283.073058  40.636587   118.650   118.780  5 56645.72693776 46.820
 202 283.070188  40.635010   213.708   212.681  7 56655.64258998 10.516
 203 283.067347  40.632398   119.157   119.122  9 56665.55823757 42.534
 205 283.067191  40.634875   118.685   118.684  9 56685.38952767 47.135
 206 283.067044  40.633844   118.669   118.654  9 56695.30516957 48.886
 207 283.071631  40.635533   119.261   119.358  5 56705.22080790 27.852
 211 283.062155  40.633630   178.929   182.907  7 56744.88338762  5.881
 212 283.063415  40.634318   167.712   168.138  7 56754.79903029 15.339
 213 283.067378  40.633635   120.197   120.212  8 56764.71466738 37.759
 214 283.071840  40.634707   118.998   119.231  6 56774.63030507 45.002
 215 283.066831  40.634645   166.750   166.804  9 56784.54596156 21.795
 216 283.061270  40.633603   120.223   120.200  7 56794.46161401 41.022
 217 283.056715  40.630972   118.936   118.924  4 56804.37726258 45.820
 219 283.065265  40.633500   118.812   118.819  9 56824.20854479 49.449
 221 283.076920  40.637962   118.812   118.812  3 56844.03981305 40.856
 222 283.072567  40.633527   118.603   118.736  4 56853.95545525 47.034
 223 283.069058  40.634069   118.377   118.379  8 56863.87110908 50.298
 224 283.066524  40.633715   118.453   118.389  9 56873.78676228 51.926
 225 283.066736  40.635216   118.876   118.865  9 56883.70241290 48.128
 226 283.065188  40.633935   118.790   118.831  9 56893.61805948 49.833
 227 283.063642  40.634373   118.459   118.476  8 56903.53370305 51.500
 228 283.059700  40.632777   118.322   118.315  6 56913.44934388 51.071
 229 283.060455  40.634096   118.290   118.296  6 56923.36498386 50.871
 230 283.064120  40.634572   118.240   118.282  8 56933.28062146 53.341
 231 283.072012  40.636415   118.225   118.276  6 56943.19625443 43.037
 232 283.073262  40.635905   167.043   167.373  5 56953.11190004 18.160
 233 283.067695  40.632366   118.471   118.422  9 56963.02754935 30.654
 234 283.066611  40.635112   165.741   165.704  9 56972.94319563 25.605
 235 283.066129  40.634892   186.717   181.317  9 56982.85883725 14.813
 236 283.069674  40.634360   167.036   167.198  8 56992.77447459 22.280
 238 283.075119  40.636799   119.335   119.392  3 57012.60576835 46.731
 239 283.070712  40.635064   166.304   166.170  6 57022.52141908 22.458
 240 283.066504  40.634178   118.852   118.901  8 57032.43706705 46.000
 241 283.065207  40.634486   118.782   118.795  9 57042.35271322 51.008
 242 283.066221  40.634444   118.452   118.502  9 57052.26835731 50.418
 243 283.069645  40.634204   118.403   118.487  8 57062.18399726 46.161
 244 283.075122  40.636891   118.742   118.733  3 57072.09963269 35.361
 246 283.072256  40.635534   118.788   118.910  5 57091.93090797 40.978
 247 283.065048  40.634683   119.790   119.834  9 57101.84656469 43.152
 248 283.062980  40.634405   119.340   119.201  7 57111.76221855 33.820
 249 283.066016  40.635429   167.916   168.121  9 57121.67786727 15.713
 250 283.067308  40.634042   167.938   166.421  9 57131.59350964 19.106
