#  121.681 -13.307  15.565 ;Mean Elev.(m), Avg Gradient(m/km), RMS Gradient(m/km) - SRTM1     
#    0.000   0.000   0.000 ;Mean Elev.(m), Avg Gradient(m/km), RMS Gradient(m/km) - ASTER GDEM
#  116.039  -3.046  26.959 ;Mean Elev.(m), Avg Gradient(m/km), RMS Gradient(m/km) - GMTED2010 
   1 283.017404  40.559762   168.229   169.119  4 54662.59835253 20.605
   2 283.023813  40.572487   114.774   114.828 13 54672.51400057 51.228
   4 283.022289  40.572476   114.598   114.579 12 54692.34528604 51.939
   8 283.023597  40.571796   114.307   114.153 14 54732.00787312 53.021
   9 283.018816  40.571208   114.480   114.449 10 54741.92351969 47.882
  10 283.016835  40.571132   164.833   165.229  9 54751.83916658 25.723
  11 283.017745  40.571683   166.592   167.026 10 54761.75481366 21.386
  12 283.020265  40.571756   165.161   166.156 11 54771.67045837 26.948
  13 283.022233  40.571428   176.553   173.393 13 54781.58609980 18.740
  14 283.019751  40.566171   218.531   217.334  8 54791.50173717  8.198
  17 283.025571  40.570753   115.235   115.318 13 54821.24865358 48.671
  18 283.025220  40.572436   116.110   116.115 14 54831.16430585 47.909
  19 283.021593  40.571711   163.973   164.069 12 54841.07994399 23.468
  20 283.017002  40.571855   114.952   114.954  9 54850.99559262 47.881
  21 283.013439  40.572541   114.977   114.954  6 54860.91124119 50.599
  22 283.011127  40.571808   180.876   177.398  4 54870.82688975 15.866
  23 283.014085  40.573200   189.028   190.540  6 54880.74253779  6.849
  24 283.017468  40.572317   166.880   165.758  9 54890.65818214 17.697
  25 283.018636  40.571162   166.186   167.334 10 54900.57382310 22.134
  26 283.017763  40.571650   161.921   162.206  9 54910.48946200 26.328
  27 283.015538  40.570833   114.849   114.912  9 54920.40509914 38.070
  28 283.017663  40.571703   167.450   166.606  9 54930.32073646 22.907
  29 283.023594  40.572363   115.016   115.066 13 54940.23637289 50.874
  30 283.029349  40.571429   167.636   167.318 11 54950.15200740 14.287
  31 283.023496  40.559810   163.323   162.642 10 54960.06764370 22.857
  32 283.025013  40.566309   200.174   202.738 10 54969.98329361  1.882
  33 283.025637  40.572022   114.849   114.820 14 54979.89894230 49.706
  35 283.021965  40.571874   114.755   114.762 12 54999.73023674 50.520
  36 283.021763  40.572388   114.923   114.896 12 55009.64588237 48.636
  37 283.020596  40.571216   166.277   164.736 12 55019.56152580 22.907
  38 283.019329  40.571619   114.635   114.656 11 55029.47716811 52.084
  39 283.017677  40.571288   114.687   114.709  9 55039.39280951 53.170
  40 283.019253  40.571444   114.968   114.926 10 55049.30844994 52.090
  41 283.024111  40.571761   115.096   115.034 14 55059.22408860 49.642
  42 283.028385  40.571552   114.524   114.676 12 55069.13972838 49.906
  43 283.027669  40.571441   114.605   114.734 12 55079.05537791 49.525
  44 283.024188  40.571935   162.333   161.678 14 55088.97102541 25.545
  45 283.019503  40.571930   114.493   114.466 10 55098.88667154 51.962
  46 283.016346  40.570803   114.514   114.447  9 55108.80231715 39.472
  47 283.018380  40.571364   114.606   114.596 10 55118.71796243 52.854
  48 283.021622  40.570975   114.628   114.534 12 55128.63360519 31.919
  49 283.017768  40.562698   218.995   218.998  5 55138.54924361  7.734
  50 283.016592  40.561290   219.178   219.273  5 55148.46488190  3.696
  51 283.024106  40.572610   163.609   162.952 13 55158.38052270 26.792
  52 283.023714  40.571632   200.981   202.773 14 55168.29616016 12.329
  53 283.025330  40.571017   115.184   115.227 14 55178.21179709 47.363
  54 283.025276  40.570455   166.931   163.712 14 55188.12744175 23.913
  55 283.023257  40.572212   115.268   115.282 13 55198.04309262 48.572
  56 283.018657  40.571702   114.737   114.671 11 55207.95874201 47.116
  57 283.015430  40.571547   174.360   178.609  8 55217.87439115 20.687
  58 283.014586  40.571831   166.423   164.714  8 55227.79003994 19.347
  59 283.015926  40.571519   114.826   114.805  8 55237.70568590 50.729
  60 283.019200  40.571921   114.687   114.685 11 55247.62132858 46.369
  61 283.020333  40.571665   114.692   114.689 11 55257.53696830 52.324
  62 283.019876  40.571801   166.881   167.882 11 55267.45260685 20.015
  63 283.018780  40.571577   166.004   165.819 10 55277.36824463 24.754
  64 283.020879  40.571909   115.960   115.977 12 55287.28388159 48.259
  66 283.033566  40.577840   192.721   197.706  7 55307.11515933 17.244
  67 283.028443  40.572064   115.757   115.851 12 55317.03080418 46.820
  68 283.024244  40.569954   114.748   114.691 14 55326.94644880 48.720
  69 283.022356  40.571107   161.585   161.616 13 55336.86209347 24.957
  70 283.021349  40.571719   114.697   114.708 11 55346.77773765 51.759
  71 283.021001  40.571249   114.604   114.569 12 55356.69338026 44.843
  72 283.021621  40.571541   114.734   114.725 13 55366.60902099 49.529
  73 283.022680  40.571950   114.472   114.493 13 55376.52466020 49.711
  74 283.023214  40.571276   114.297   114.277 13 55386.44029809 52.347
  75 283.024868  40.571281   114.399   114.338 15 55396.35593522 51.481
  76 283.026947  40.571367   114.369   114.411 13 55406.27157673 50.867
  77 283.025769  40.570993   167.351   165.687 13 55416.18722755 26.121
  78 283.024881  40.570390   114.323   114.254 14 55426.10287510 51.979
  79 283.034430  40.584581   115.385   115.385  2 55436.01852391 53.398
  80 283.023605  40.572616   114.360   114.338 13 55445.93416481 52.951
  81 283.021065  40.571876   114.260   114.225 12 55455.84980803 47.825
  82 283.020709  40.571747   114.299   114.270 12 55465.76545089 51.406
  83 283.023469  40.571737   115.374   115.303 14 55475.68109104 47.771
  84 283.027238  40.571529   167.282   165.544 12 55485.59672807 18.067
  85 283.030078  40.571773   179.726   179.958 11 55495.51236282 20.731
  86 283.030382  40.571434   165.168   163.983 11 55505.42799690 23.764
  87 283.025607  40.571078   164.108   162.936 13 55515.34364674 25.646
  88 283.015603  40.561143   219.042   219.155  4 55525.25929337  6.280
  89 283.022237  40.572328   165.631   165.265 12 55535.17494357 22.041
  90 283.020404  40.571520   165.008   164.424 11 55545.09058881 19.013
  91 283.018686  40.571528   178.409   178.314 11 55555.00623248 23.636
  92 283.016964  40.571039   169.535   165.522 10 55564.92187528 23.067
  93 283.019162  40.572384   114.686   114.690 10 55574.83751826 43.357
  94 283.021368  40.571084   114.587   114.548 12 55584.75315919 42.832
  95 283.025434  40.571256   114.593   114.611 14 55594.66879715 44.867
  96 283.029306  40.572424   114.506   114.727 12 55604.58443189 44.457
  97 283.031222  40.572356   115.290   115.699 11 55614.50006391 48.205
  98 283.027161  40.567064   167.158   166.766 10 55624.41570120 20.389
  99 283.027023  40.571425   182.161   183.868 12 55634.33135420 13.423
 100 283.025019  40.570347   116.950   116.922 14 55644.24700376 42.856
 101 283.026108  40.571783   115.390   115.403 14 55654.16265127 49.017
 102 283.024458  40.568962   227.517   227.960 11 55664.07829333  7.953
 103 283.026658  40.572885   178.234   178.077 13 55673.99393422 19.543
 104 283.025386  40.572405   116.440   116.426 14 55683.90957262 45.217
 105 283.025423  40.571584   115.292   115.289 14 55693.82520985 47.692
 106 283.028229  40.572048   116.296   116.453 12 55703.74084614 43.265
 107 283.027597  40.571360   115.614   115.754 12 55713.65649143 46.097
 108 283.024187  40.570863   161.942   161.182 14 55723.57214027 22.540
 109 283.021150  40.571158   114.682   114.688 12 55733.48778717 50.888
 110 283.019685  40.571702   114.787   114.742 11 55743.40343287 52.529
 111 283.020085  40.571616   114.619   114.619 12 55753.31907716 52.056
 112 283.014043  40.558747   193.888   197.059  3 55763.23471615  6.337
 113 283.027390  40.571963   114.322   114.456 13 55773.15035908 50.169
 114 283.029662  40.572185   179.053   179.083 11 55783.06599519 21.751
 115 283.030820  40.572828   164.528   163.275 11 55792.98162899 24.957
 116 283.027619  40.567438   166.859   165.127 10 55802.89726283 22.630
 117 283.028876  40.572312   189.734   189.218 12 55812.81291408  7.967
 118 283.028698  40.571929   115.155   115.285 12 55822.72856248 48.619
 119 283.029586  40.571061   228.216   233.325 11 55832.64420608  6.839
 120 283.027803  40.567121   166.671   165.538 10 55842.55984438 24.059
 121 283.027593  40.567076   165.609   165.066 10 55852.47548031 24.418
 122 283.027416  40.567523   165.617   166.059 10 55862.39111484 24.308
 123 283.017702  40.561228   218.777   218.849  6 55872.30676696  5.798
 133 283.024335  40.572051   114.998   115.025 13 55971.46320885 50.285
 134 283.015860  40.560078   219.178   219.225  4 55981.37884162  8.053
 135 283.019505  40.559702   222.085   218.780  7 55991.29447635  5.324
 136 283.030487  40.572569   163.816   163.291 11 56001.21012546 23.635
 137 283.026419  40.567886   226.718   226.112 10 56011.12577413  6.780
 138 283.017889  40.559119   219.047   219.151  5 56021.04141794  5.703
 139 283.023268  40.571112   114.735   114.682 13 56030.95706419 51.223
 141 283.022034  40.572449   114.935   114.882 12 56050.78834539 50.806
 142 283.024102  40.570957   115.336   115.266 14 56060.70398203 48.776
 143 283.027971  40.570708   114.791   114.938 13 56070.61961966 49.012
 144 283.025102  40.570782   114.924   114.904 14 56080.53527017 49.793
 145 283.022170  40.571712   114.798   114.807 13 56090.45091799 50.473
 146 283.020407  40.572305   114.628   114.655 11 56100.36656333 51.989
 147 283.020597  40.571288   114.498   114.503 12 56110.28219437 52.092
 148 283.024145  40.570262   114.424   114.376 14 56120.19783416 50.846
 149 283.027481  40.567354   114.057   114.022 10 56130.11346996 50.301
 150 283.024074  40.558394   163.860   162.114  9 56140.02910112 20.599
 151 283.027606  40.570775   114.222   114.295 12 56149.94475460 49.419
 152 283.022805  40.570181   226.560   228.474 13 56159.86040340 10.573
 153 283.023541  40.572579   114.377   114.331 13 56169.77605188 53.117
 154 283.025455  40.572267   114.418   114.382 14 56179.69169637 48.935
 155 283.027475  40.571571   114.393   114.502 12 56189.60733660 49.742
 156 283.027793  40.570721   114.441   114.573 12 56199.52297343 48.627
 157 283.028814  40.572240   114.332   114.499 12 56209.43860798 50.869
 158 283.029075  40.571794   194.063   194.240 12 56219.35424018  9.686
 159 283.025777  40.570520   194.347   197.336 13 56229.26988729  7.061
 160 283.017312  40.561353   219.004   219.108  6 56239.18553822  7.199
 161 283.015603  40.560479   219.268   219.357  4 56249.10118755  7.377
 162 283.023386  40.571476   114.795   114.758 14 56259.01683526 51.018
 163 283.022271  40.571228   192.776   193.033 13 56268.93247733  8.093
 164 283.021942  40.571152   115.039   115.020 13 56278.84811787 49.563
 165 283.020692  40.571853   115.358   115.326 11 56288.76376817 47.852
 166 283.021052  40.571278   180.989   180.888 12 56298.67941708 24.102
 167 283.023522  40.572452   116.048   116.063 13 56308.59506248 47.913
 168 283.024041  40.572423   114.937   114.913 13 56318.51070477 48.759
 169 283.022096  40.571755   115.690   115.661 12 56328.42634533 49.289
 170 283.022147  40.572272   197.716   201.065 12 56338.34198523 12.275
 171 283.024440  40.571924   163.570   163.386 13 56348.25762320 26.183
 172 283.034931  40.579572   160.378   160.617  5 56358.17326063 27.477
 173 283.027901  40.571980   180.649   181.012 12 56368.08890828 22.174
 175 283.020360  40.571516   115.914   116.014 12 56387.92020115 42.335
 176 283.018111  40.571198   115.974   115.955 10 56397.83584450 44.559
 177 283.019028  40.571618   164.852   163.944 11 56407.75148593 26.502
 178 283.022355  40.571655   177.072   176.902 12 56417.66712347 23.489
 179 283.027397  40.571432   114.932   115.146 12 56427.58275632 47.490
 180 283.024282  40.571863   114.832   114.743 14 56437.49840901 49.505
 181 283.020268  40.571444   114.884   114.919 11 56447.41405979 51.631
 182 283.019047  40.572509   115.055   115.039 10 56457.32970878 51.613
 183 283.018163  40.570966   114.756   114.747 10 56467.24535406 52.123
 184 283.021216  40.571838   116.069   116.071 11 56477.16099618 47.363
 185 283.024467  40.571343   115.136   115.157 14 56487.07663444 49.160
 187 283.028177  40.570511   114.477   114.700 13 56506.90790472 47.531
 188 283.027335  40.566899   114.867   114.933 10 56516.82353988 47.107
 189 283.027701  40.571580   114.343   114.492 12 56526.73919558 50.197
 190 283.026200  40.571171   114.550   114.632 13 56536.65484591 49.392
 192 283.022900  40.571721   130.079   129.498 12 56556.48613613 35.025
 193 283.020486  40.570974   114.408   114.395 12 56566.40177830 52.735
 194 283.020215  40.571139   114.715   114.671 12 56576.31741942 48.188
 195 283.023215  40.571716   114.609   114.684 13 56586.23305760 51.189
 196 283.025802  40.570829   162.529   162.529 13 56596.14869614 25.014
 197 283.023967  40.571955   114.546   114.528 13 56606.06434837 47.357
 198 283.022309  40.572432   162.655   162.597 12 56615.97999580 25.896
 199 283.020897  40.571151   173.199   172.210 12 56625.89563951 20.491
 200 283.022625  40.572066   205.204   205.389 12 56635.81128125  3.007
 201 283.024732  40.570919   114.660   114.602 14 56645.72692094 48.796
 202 283.023554  40.571645   220.330   216.574 14 56655.64257374 10.466
 203 283.023255  40.572489   115.439   115.448 13 56665.55822223 45.131
 205 283.020556  40.571511   114.953   114.987 12 56685.38951144 46.383
 206 283.021261  40.571631   115.094   115.081 11 56695.30515363 44.235
 207 283.025001  40.572169   114.984   114.902 14 56705.22079167 41.910
 208 283.029397  40.571812   115.618   115.769 12 56715.13642419 43.080
 211 283.016375  40.571417   170.433   170.098  9 56744.88337168 16.340
 212 283.017636  40.572103   168.674   168.743  9 56754.79901435 23.057
 213 283.020213  40.569531   217.266   217.681 10 56764.71465095  9.220
 214 283.024365  40.570187   115.159   115.110 14 56774.63028854 45.970
 215 283.020202  40.571278   168.067   168.862 12 56784.54594533 16.842
 216 283.015490  40.571390   116.231   116.197  9 56794.46159807 47.284
 217 283.012635  40.571065   115.354   115.344  6 56804.37724723 49.341
 219 283.019487  40.571295   114.972   114.999 11 56824.20852885 51.640
 221 283.027749  40.571154   114.528   114.655 13 56844.03979593 49.265
 222 283.026366  40.570749   114.608   114.638 13 56853.95543916 49.282
 223 283.022434  40.570713   114.548   114.487 13 56863.87109285 51.478
 224 283.020748  40.571510   114.613   114.584 11 56873.78674634 51.509
 225 283.019262  40.570706   114.908   114.861 11 56883.70239637 51.514
 226 283.019409  40.571728   114.887   114.920 11 56893.61804354 51.819
 227 283.017016  40.571015   114.532   114.514  9 56903.53368682 52.801
 228 283.014773  40.571723   114.565   114.489  7 56913.44932824 51.258
 229 283.014683  40.571890   114.536   114.536  8 56923.36496792 53.117
 230 283.017503  40.571214   114.368   114.341  9 56933.28060523 52.948
 231 283.024545  40.571907   114.413   114.324 14 56943.19623790 44.657
 232 283.024947  40.570246   165.151   164.405 14 56953.11188322 23.860
 233 283.023618  40.572466   115.565   115.565 13 56963.02753401 41.661
 234 283.019142  40.570603   164.285   164.423 11 56972.94317910 26.849
 235 283.019505  40.571533   180.339   180.460 10 56982.85882102 14.911
 236 283.023049  40.570998   162.966   164.517 13 56992.77445835 24.502
 237 283.029274  40.570967   170.086   172.206 11 57002.69009451 15.541
 238 283.027634  40.572285   115.644   115.866 13 57012.60575182 47.527
 239 283.024076  40.571701   163.260   163.368 13 57022.52140285 24.509
 240 283.020719  40.571966   115.069   115.048 12 57032.43705111 47.824
 241 283.018577  40.571121   114.823   114.809 10 57042.35269698 50.630
 242 283.020440  40.572233   114.675   114.657 11 57052.26834137 48.703
 243 283.023864  40.571994   114.669   114.648 14 57062.18398132 48.383
 244 283.026796  40.571227   114.593   114.688 12 57072.09961586 37.675
 245 283.028796  40.571136   114.347   114.620 11 57082.01524653 37.458
 246 283.025630  40.572170   114.890   114.828 14 57091.93089173 39.126
 247 283.018425  40.571315   115.733   115.718 10 57101.84654845 48.608
 248 283.017203  40.572189   115.973   115.995  9 57111.76220261 34.382
 249 283.019387  40.572061   168.082   167.047 10 57121.67785103 19.453
 250 283.020677  40.570675   164.946   165.343 12 57131.59349340 18.028
